Matlab name	Figure name	Description	Initial value	unit
			50	
			0.03	
			2.5433	
			7.6299	
			50	
			2.2911e-06	
			0.0008038	
			0.0067794	
			0.01252	
			6.5014e-05	
			4.0126e-05	
			0.55556	
			0.2849	
			0.14	
			62.8319	
			22.0942	
			0.33348	
			28.2713	
			84.8139	
			20000	
			1.9228e-11	
			6.746e-09	
			0.00011986	
			10.449	
			0.054339	
			0.033537	
			9.4014	
			4.8213	
			2.3692	
			20.6316	
			7.5	
			635.8221	
			1907.4662	
			4498.003	
			1.2923e-07	
			4.5337e-05	
			0.00049928	
			7.0517	
			0.036543	
			0.022554	
			211.4387	
			108.4301	
			53.2826	
			19999.7387	
			0.63204	
			53.5819	
			160.7458	
			2	
			0.0019236	
			0.67487	
			5.6971	
			0.00048599	
			5.4461e-10	
			3.3613e-10	
			17.8183	
			9.1376	
			4.4902	
			3503.0379	
			11.0848	
			939.7258	
			2819.1774	
			66.4791	
			0.001279	
			0.44874	
			3.7795	
			0.0011828	
			3.6171e-06	
			2.2324e-06	
			312.5	
			160.2564	
			78.75	
			1.0757	
			0.7436	
			63.04	
			189.12	
			184.4922	
			7.0251e-07	
			0.00024645	
			0.0020644	
			1.6756	
			0.0087054	
			0.0053728	
			20.9636	
			10.7505	
			5.2828	
			66.8333	
			0.49521	
			41.9818	
			125.9454	
			1.0938	
			0.00030677	
			0.10763	
			0.90727	
			0.0038582	
			1.9925e-05	
			1.2297e-05	
			13.9608	
			7.1594	
			3.5181	
			100	
			1.2e-06	
			0.00010173	
			0.00030519	
			0.0015224	
			3.0544e-05	
			0.010716	
			0.090358	
			7.4581e-11	
			3.6518e-13	
			2.2539e-13	
			3.383e-05	
			1.7348e-05	
			8.525e-06	
			0.00065687	
			7.8823e-07	
			6.6824e-05	
			0.00020047	
			100	
			1.1325e-14	
			3.9661e-12	
			3.829e-11	
			0.16687	
			0.00086636	
			0.0005347	
			2.2222e-05	
			1.1396e-05	
			5.5999e-06	
			9	
			227.6279	
			220	
			174.0357	
